Group0
Name      	Object    	Color          	Size 	Speed	Movement                                                              	Background          	Rotation	Common    
center.avi	cube      	[178, 34, 34]  	6    	3    	[(13,13,10) (-7,-13,10) (-7,-7,10) (13,-7,10)]                        	[193, 255, 193]     	[0, -45]	/         
000001.avi	cube      	[148, 0, 211]  	2    	1    	[(-15,-15,10) (0.845,0.845,10) (14.987,14.987,10) (14.987,-5.013,10)] 	[175, 238, 238]     	[1, -45]	Object    
000002.avi	cone      	[178, 34, 34]  	2    	1    	[(-15,15,10) (-15,-5,10) (5,-5,10) (5,15,10)]                         	[175, 238, 238]     	[0, 45] 	Color     
000003.avi	cylinder  	[0, 139, 0]    	6    	5    	[(15,-15,10) (-5,-15,10) (3.229,3.229,10) (-10.913,-10.913,10)]       	[175, 238, 238]     	[1, -45]	Size      
000004.avi	sphere    	[0, 104, 139]  	2    	3    	[(-5,10,10) (10,10,10) (0,-7.321,10) (15,5.908,10)]                   	[255, 160, 122]     	[1, 45] 	Speed     
000005.avi	sphere    	[0, 139, 0]    	2    	5    	[(13,13,10) (-7,-13,10) (-7,-7,10) (13,-7,10)]                        	[255, 160, 122]     	[0, 45] 	Movement  
000006.avi	cone      	[148, 0, 211]  	4    	1    	[(15,-15,10) (-5,-15,10) (3.229,3.229,10) (-10.913,-10.913,10)]       	[193, 255, 193]     	[0, 45] 	Background
000007.avi	sphere    	[255, 255, 0]  	4    	1    	[(15,-15,10) (-5,-15,10) (3.229,3.229,10) (-10.913,-10.913,10)]       	[175, 238, 238]     	[0, -45]	Rotation  
