Group2
Name      	Object    	Color          	Size 	Speed	Movement                                                              	Background          	Rotation	Common    	  
center.avi	torus     	[0, 104, 139]  	6    	3    	[(-15,15,10) (-15,-5,10) (5,-5,10) (5,15,10)]                         	[205, 205, 193]     	[1, -45]	/         	       
000001.avi	torus     	[255, 255, 0]  	2    	5    	[(13,13,10) (-7,-13,10) (-7,-7,10) (13,-7,10)]                        	[175, 238, 238]     	[0, -45]	Object    	      
000002.avi	cone      	[0, 104, 139]  	2    	1    	[(-5,10,10) (10,10,10) (0,-7.321,10) (15,5.908,10)]                   	[255, 182, 193]     	[1, 45] 	Color     	       
000003.avi	cube      	[0, 0, 0]      	6    	5    	[(-10,6,10) (-10,-14,10) (2,2,10) (4,-14,10)]                         	[189, 183, 107]     	[0, -45]	Size      	       
000004.avi	cylinder  	[148, 0, 211]  	4    	3    	[(-5,10,10) (10,10,10) (0,-7.321,10) (15,5.908,10)]                   	[175, 238, 238]     	[0, -45]	Speed     	      
000005.avi	cone      	[148, 0, 211]  	2    	1    	[(-15,15,10) (-15,-5,10) (5,-5,10) (5,15,10)]                         	[193, 255, 193]     	[0, -45]	Movement  	       
000006.avi	sphere    	[178, 34, 34]  	2    	1    	[(-5,10,10) (10,10,10) (0,-7.321,10) (15,5.908,10)]                   	[205, 205, 193]     	[1, 45] 	Background	      
000007.avi	cone      	[178, 34, 34]  	2    	5    	[(-15,-15,10) (0.845,0.845,10) (14.987,14.987,10) (14.987,-5.013,10)] 	[255, 182, 193]     	[1, -45]	Rotation  	       
