Group1
Name      	Object    	Color          	Size 	Speed	Movement                                                              	Background          	Rotation	Common    	   
center.avi	cube      	[178, 34, 34]  	6    	3    	[(-15,15,10) (-15,-5,10) (5,-5,10) (5,15,10)]                         	[189, 183, 107]     	[0, -45]	/         	        
000001.avi	cube      	[0, 104, 139]  	2    	5    	[(-5,10,10) (10,10,10) (0,-7.321,10) (15,5.908,10)]                   	[193, 255, 193]     	[1, 45] 	Object    	       
000002.avi	cylinder  	[178, 34, 34]  	2    	1    	[(13,13,10) (-7,-13,10) (-7,-7,10) (13,-7,10)]                        	[255, 160, 122]     	[1, -45]	Color     	       
000003.avi	cone      	[0, 0, 0]      	6    	1    	[(-10,6,10) (-10,-14,10) (2,2,10) (4,-14,10)]                         	[193, 255, 193]     	[1, -45]	Size      	       
000004.avi	torus     	[255, 255, 0]  	4    	3    	[(15,-15,10) (-5,-15,10) (3.229,3.229,10) (-10.913,-10.913,10)]       	[205, 205, 193]     	[1, -45]	Speed     	       
000005.avi	cylinder  	[0, 0, 0]      	4    	1    	[(-15,15,10) (-15,-5,10) (5,-5,10) (5,15,10)]                         	[255, 182, 193]     	[1, 45] 	Movement  	     
000006.avi	cylinder  	[0, 0, 0]      	2    	1    	[(15,-15,10) (-5,-15,10) (3.229,3.229,10) (-10.913,-10.913,10)]       	[189, 183, 107]     	[1, -45]	Background	       
000007.avi	cylinder  	[255, 255, 0]  	2    	5    	[(13,13,10) (-7,-13,10) (-7,-7,10) (13,-7,10)]                        	[255, 160, 122]     	[0, -45]	Rotation  	        
