Group3
Name      	Object    	Color          	Size 	Speed	Movement                                                              	Background          	Rotation	Common     
center.avi	cylinder  	[0, 104, 139]  	4    	5    	[(-15,-15,10) (0.845,0.845,10) (14.987,14.987,10) (14.987,-5.013,10)] 	[189, 183, 107]     	[0, 45] 	/         	       
000001.avi	cylinder  	[148, 0, 211]  	2    	3    	[(15,-15,10) (-5,-15,10) (3.229,3.229,10) (-10.913,-10.913,10)]       	[255, 182, 193]     	[1, 45] 	Object    	        
000002.avi	sphere    	[0, 104, 139]  	6    	1    	[(-5,10,10) (10,10,10) (0,-7.321,10) (15,5.908,10)]                   	[193, 255, 193]     	[1, -45]	Color     	      
000003.avi	cone      	[178, 34, 34]  	4    	3    	[(-15,15,10) (-15,-5,10) (5,-5,10) (5,15,10)]                         	[175, 238, 238]     	[0, -45]	Size      	       
000004.avi	torus     	[255, 255, 0]  	6    	5    	[(13,13,10) (-7,-13,10) (-7,-7,10) (13,-7,10)]                        	[255, 160, 122]     	[0, -45]	Speed     	       
000005.avi	torus     	[0, 0, 0]      	2    	1    	[(-15,-15,10) (0.845,0.845,10) (14.987,14.987,10) (14.987,-5.013,10)] 	[175, 238, 238]     	[1, -45]	Movement  	      
000006.avi	cube      	[255, 255, 0]  	2    	3    	[(-5,10,10) (10,10,10) (0,-7.321,10) (15,5.908,10)]                   	[189, 183, 107]     	[0, -45]	Background	      
000007.avi	cone      	[178, 34, 34]  	6    	3    	[(13,13,10) (-7,-13,10) (-7,-7,10) (13,-7,10)]                        	[175, 238, 238]     	[0, 45] 	Rotation  	       
